4437
4451
4466
4470
4471
4459
4452
4461
4486
4483
4461
4468
4485
4477
4471
4478
4485
4496
4507
4499
4484
4474
4478
4490
4484
4480
4487
4488
4489
4476
4467
4487
4506
4489
4461
4459
4472
4475
4473
4466
4465
4476
4487
4485
4475
4462
4468
4479
4465
4454
4458
4461
4461
4456
4457
4479
4482
4464
4463
4473
4466
4451
4446
4451
4463
4468
4463
4464
4466
4462
4469
4475
4466
4460
4476
4477
4455
4455
4472
4473
4486
4489
4481
4469
4464
4471
4476
4488
4497
4500
4495
4483
4481
4493
4494
4483
4485
4495
4491
4490
4482
4473
4484
4498
4505
4495
4485
4490
4492
4493
4495
4495
4488
4489
4511
4516
4517
4524
4515
4506
4518
4526
4521
4517
4504
4489
4491
4490
4479
4468
4444
4414
4391
4386
4397
4395
4383
4360
4318
4274
4246
4270
4358
4468
4561
4619
4645
4649
4640
4640
4638
4616
4593
4509
4427
4373
4342
4350
4354
4363
4381
4410
4431
4431
4424
4413
4375
4327
4299
4295
4303
4316
4341
4381
4431
4472
4493
4503
4503
4481
4451
4431
4418
4416
4422
4423
4425
4434
4443
4456
4459
4450
4458
4461
4446
4445
4464
4482
4491
4484
4488
4504
4514
4510
4510
4521
4529
4546
4572
4585
4575
4568
4567
4561
4556
4555
4540
4520
4511
4519
4523
4508
4493
4493
4504
4518
4522
4505
4491
4497
4490
4474
4485
4489
4484
4483
4483
4490
4488
4485
4488
4490
4491
4492
4493
4504
4498
4477
4479
4502
4500
4487
4495
4503
4493
4488
4493
4494
4493
4489
4486
4491
4497
4486
4479
4494
4511
4512
4508
4497
4487
4495
4499
4480
4482
4507
4508
4496
4495
4493
4501
4505
4497
4500
4505
4489
4477
4488
4493
4478
4473
4484
4491
4503
4506
4492
4487
4489
4479
4475
4481
4483
4490
4496
4485
4476
4476
4477
4483
4506
4504
4500
4496
4501
4518
4523
4511
4507
4510
4518
4521
4528
4527
4515
4506
4508
4520
4527
4530
4533
4537
4536
4533
4542
4555
4553
4549
4563
4573
4559
4565
4579
4578
4577
4575
4564
4551
4548
4559
4577
4579
4574
4581
4584
4575
4575
4572
4571
4586
4599
4601
4592
4581
4569
4561
4568
4578
4582
4585
4581
4575
4570
4574
4576
4569
4572
4577
4573
4565
4564
4562
4563
4565
4564
4559
4548
4543
4552
4550
4551
4552
4549
4558
4563
4551
4560
4579
4571
4560
4556
4558
4558
4558
4551
4559
4559
4551
4552
4557
4553
4553
4548
4543
4554
4563
4566
4569
4561
4562
4568
4570
4571
4563
4553
4556
4564
4559
4546
4549
4560
4559
4560
4567
4566
4557
4556
4556
4556
4559
4562
4566
4572
4565
4554
4564
4567
4566
4573
4565
4560
4561
4562
4565
4571
4582
4603
4612
4589
4577
4600
4603
4595
4598
4593
4590
4603
4607
4604
4599
4593
4597
4603
4607
4623
4631
4611
4608
4633
4643
4626
4607
4609
4629
4647
4640
4630
4630
4642
4658
4654
4633
4631
4632
4616
4617
4640
4648
4639
4632
4632
4639
4643
4641
4634
4633
4645
4648
4633
4624
4628
4629
4632
4634
4630
4623
4622
4630
4631
4635
4647
4659
4661
4653
4649
4649
4644
4649
4651
4636
4628
4623
4612
4608
4612
4620
4632
4633
4634
4639
4624
4632
4639
4627
4623
4646
4648
4631
4623
4619
4618
4616
4624
4642
4651
4657
4661
4659
4650
4646
4659
4672
4663
4648
4658
4678
4674
4665
4670
4677
4674
4675
4680
4684
4687
4683
4664
4648
4664
4683
4680
4675
4672
4663
4658
4674
4699
4698
4685
4681
4685
4692
4697
4685
4668
4672
4686
4691
4686
4684
4691
4704
4708
4708
4707
4703
4703
4709
4714
4713
4709
4708
4711
4712
4712
4716
4727
4734
4728
4724
4719
4730
4754
4744
4717
4719
4733
4734
4731
4727
4719
4718
4721
4712
4705
4704
4705
4704
4706
4709
4699
4693
4704
4718
4720
4721
4718
4708
4707
4706
4701
4714
4727
4719
4704
4695
4713
4725
4709
4704
4703
4699
4708
4724
4727
4717
4709
4712
4730
4744
4748
4744
4732
4725
4725
4729
4743
4746
4742
4743
4738
4724
4721
4741
4757
4759
4762
4759
4751
4758
4769
4758
4744
4747
4752
4760
4762
4768
4785
4787
4780
4781
4771
4771
4780
4779
4771
4762
4761
4778
4786
4788
4793
4790
4797
4810
4802
4792
4793
4798
4814
4822
4813
4807
4817
4827
4817
4798
4797
4808
4804
4788
4782
4775
4767
4776
4771
4771
4763
4757
4760
4755
4750
4757
4751
4734
4729
4737
4742
4736
4731
4723
4721
4734
4749
4752
4750
4747
4742
4743
4749
4751
4748
4739
4740
4749
4750
4755
4754
4751
4737
4728
4712
4688
4673
4668
4653
4634
4627
4634
4646
4659
4679
4686
4672
4662
4660
4657
4658
4666
4668
4671
4701
4744
4754
4745
4756
4785
4806
4823
4858
4894
4903
4914
4934
4956
4979
4983
4969
4957
4951
4942
4916
4893
4889
4883
4862
4836
4830
4824
4810
4784
4767
4754
4732
4688
4652
4641
4624
4613
4617
4635
4668
4702
4736
4770
4808
4845
4865
4883
4903
4916
4936
4944
4934
4935
4950
4965
4954
4950
4952
4944
4929
4922
4919
4911
4896
4872
4856
4850
4839
4827
4816
4806
4805
4806
4799
4798
4804
4804
4798
4795
4800
4808
4820
4826
4813
4809
4820
4823
4822
4830
4841
4839
4843
4858
4862
4851
4849
4859
4870
4869
4856
4845
4849
4856
4854
4853
4849
4851
4867
4874
4867
4866
4875
4886
4881
4868
4865
4874
4878
4884
4894
4896
4900
4912
4901
4887
4891
4896
4900
4899
4890
4879
4883
4891
4886
4866
4862
4864
4853
4850
4855
4852
4846
4844
4847
4850
4853
4859
4861
4861
4863
4861
4858
4861
4866
4864
4865
4863
4850
4850
4866
4877
4888
4884
4866
4866
4877
4886
4884
4875
4871
4881
4881
4867
4865
4869
4862
4856
4861
4866
4872
4883
4875
4871
4874
4863
4854
4870
4874
4854
4853
4864
4862
4862
4866
4860
4871
4896
4888
4867
4865
4867
4865
4872
4868
4855
4859
4869
4877
4882
4884
4883
4884
4881
4874
4881
4895
4894
4884
4889
4896
4890
4884
4891
4904
4909
4906
4907
4911
4920
4925
4928
4932
4932
4934
4936
4942
4955
4953
4951
4961
4958
4950
4962
4985
4979
4957
4967
4978
4968
4959
4957
4967
4984
4987
4986
4974
4964
4979
5000
5008
5003
5001
5010
5017
5022
5017
5006
5008
5015
5019
5032
5040
5036
5030
5019
5018
5031
5047
5049
5038
5024
5020
5016
5027
5024
5039
5059
5046
5018
4999
4968
4939
4932
4933
4917
4871
4806
4764
4770
4810
4885
4995
5092
5144
5158
5143
5129
5127
5124
5114
5089
5046
4997
4956
4933
4921
4908
4905
4918
4916
4906
4919
4937
4941
4924
4905
4906
4901
4882
4876
4884
4892
4896
4909
4915
4897
4894
4913
4924
4925
4938
4962
4981
4984
4984
4981
4967
4950
4942
4937
4941
4944
4955
4971
4968
4971
4991
4982
4958
4950
4950
4941
4960
4979
4967
4957
4977
5006
5020
5020
5013
5009
5003
4994
4996
5002
4995
4998
5014
5002
4971
4966
4985
5010
5012
4986
4976
4986
4982
4966
4959
4960
4963
4965
4971
4981
4987
4984
4989
5001
5005
5013
5025
5026
5031
5036
5044
5050
5044
5042
5046
5036
5031
5049
5052
5032
5016
5011
5011
5017
5018
5012
5013
5022
5026
5024
5015
5017
5026
5022
5016
5013
5006
5009
5019
5014
5000
5023
5032
5021
5010
5014
5020
5021
5019
5001
4989
5004
5016
5022
5028
5031
5011
4985
4988
5003
5003
4997
5000
5005
5006
4998
4982
4986
5008
5019
5014
5011
5015
5013
5017
5027
5023
5018
5014
5016
5028
5037
5040
5037
5029
5031
5044
5048
5035
5023
5033
5044
5045
5056
5067
5056
5040
5049
5064
5059
5047
5054
5069
5089
5105
5090
5060
5060
5067
5070
5071
5052
5044
5064
5084
5082
5060
5052
5049
5047
5052
5071
5076
5066
5069
5074
5066
5071
5074
5071
5067
5071
5060
5047
5050
5061
5059
5044
5040
5047
5052
5050
5043
5052
5043
5020
5024
5039
5040
5042
5045
5035
5031
5038
5031
5025
5038
5044
5036
5037
5046
5035
5025
5036
5036
5029
5028
5030
5044
5051
5041
5036
5046
5043
5037
5042
5048
5053
5045
5027
5027
5039
5043
5040
5045
5059
5069
5061
5055
5060
5063
5065
5067
5074
5086
5063
5063
5068
5064
5060
5056
5057
5059
5059
5060
5063
5062
5060
5060
5061
5060
5067
5082
5085
5087
5078
5065
5068
5081
5093
5083
5071
5075
5085
5086
5075
5078
5085
5073
5074
5089
5086
5076
5069
5066
5079
5085
5078
5085
5088
5081
5085
5090
5091
5087
5084
5082
5084
5084
5084
5081
5079
5084
5090
5084
5079
5076
5088
5100
5093
5081
5080
5089
5090
5085
5080
5082
5093
5096
5089
5092
5101
5081
5076
5093
5092
5074
5074
5084
5086
5096
5097
5083
5093
5103
5096
5089
5088
5086
5086
5100
5109
5092
5075
5082
5084
5089
5094
5096
5097
5098
5103
5114
5107
5091
5095
5112
5116
5117
5116
5111
5107
5105
5096
5090
5104
5115
5109
5098
5091
5106
5124
5126
5124
5126
5125
5123
5121
5125
5135
5138
5132
5125
5121
5123
5127
5125
5117
5115
5118
5124
5120
5123
5124
5122
5138
5141
5138
5133
5125
5129
5133
5134
5134
5121
5121
5147
5152
5134
5135
5144
5132
5123
5121
5114
5117
5128
5126
5116
5105
5110
5116
5107
5100
5107
5111
5106
5106
5114
5115
5111
5118
5115
5105
5104
5108
5109
5116
5118
5108
5107
5116
5121
5130
5140
5136
5127
5125
5139
5149
5140
5133
5129
5120
5125
5131
5129
5137
5135
5119
5116
5124
5127
5136
5147
5147
5141
5149
5150
5143
5150
5153
5144
5147
5149
5151
5159
5159
5149
5158
5178
5176
5172
5182
5187
5187
5188
5180
5171
5176
5183
5179
5190
5202
5189
5186
5198
5191
5170
5170
5186
5187
5186
5198
5192
5177
5176
5175
5168
5176
5200
5193
5172
5172
5174
5178
5189
5191
5184
5185
5193
5195
5192
5188
5186
5181
5178
5173
5169
5172
5175
5173
5163
5157
5172
5183
5172
5157
5150
5140
5133
5133
5141
5155
5160
5153
5156
5168
5169
5165
5161
5182
5173
5164
5171
5177
5187
5196
5181
5171
5182
5178
5161
5150
5128
5115
5124
5116
5086
5072
5077
5071
5062
5071
5077
5071
5062
5047
5038
5032
5026
5021
5012
5026
5057
5049
5038
5059
5073
5077
5085
5097
5103
5099
5106
5126
5133
5153
5162
5175
5205
5217
5213
5217
5217
5206
5193
5163
5121
5093
5070
5030
5010
5016
5011
5001
5006
5018
5027
5051
5096
5120
5122
5138
5172
5189
5192
5204
5228
5250
5274
5290
5298
5297
5290
5292
5303
5311
5307
5304
5303
5293
5276
5270
5276
5279
5275
5275
5264
5234
5214
5225
5233
5207
5185
5196
5197
5176
5175
5193
5203
5187
5179
5191
5184
5161
5157
5166
5174
5182
5190
5191
5170
5149
5142
5141
5139
5139
5140
5148
5159
5160
5145
5129
5129
5137
5131
5128
5147
5148
5129
5137
5153
5151
5154
5155
5143
5137
5149
5175
5185
5178
5174
5171
5156
5177
5193
5197
5187
5165
5169
5190
5198
5179
5147
5146
5164
5171
5171
5171
5163
5159
5161
5156
5149
5150
5156
5161
5159
5166
5174
5171
5156
5157
5172
5171
5168
5168
5166
5149
5130
5124
5128
5144
5160
5144
5124
5132
5140
5136
5127
5115
5112
5119
5124
5122
5125
5134
5132
5125
5121
5125
5137
5134
5132
5128
5115
5111
5123
5132
5131
5125
5138
5156
5143
5126
5128
5147
5159
5141
5132
5157
5154
5159
5172
5172
5173
5183
5182
5174
5179
5186
5179
5179
5191
5203
5210
5215
5224
5237
5243
5236
5227
5224
5233
5236
5231
5233
5228
5223
5230
5240
5245
5249
5244
5239
5247
5251
5245
5243
5254
5266
5264
5250
5245
5249
5249
5245
5240
5238
5238
5233
5235
5248
5243
5229
5224
5222
5223
5227
5238
5249
5246
5236
5238
5248
5239
5236
5231
5243
5254
5263
5268
5255
5242
5247
5249
5233
5224
5247
5264
5270
5268
5261
5256
5248
5237
5234
5221
5196
5173
5146
5134
5123
5068
4976
4915
4901
4907
4955
5048
5153
5242
5297
5302
5270
5240
5237
5246
5250
5246
5231
5198
5149
5113
5111
5114
5101
5096
5105
5108
5112
5136
5151
5141
5136
5144
5143
5130
5112
5108
5141
5176
5179
5168
5160
5149
5126
5112
5104
5096
5105
5122
5130
5126
5119
5132
5138
5120
5110
5114
5115
5118
5125
5133
5129
5138
5161
5185
5201
5201
5195
5196
5199
5194
5176
5145
5118
5117
5136
5148
5151
5160
5156
5138
5129
5125
5129
5133
5118
5115
5132
5138
5133
5137
5154
5168
5175
5179
5176
5171
5175
5185
5198
5193
5188
5197
5196
5182
5160
5153
5158
5157
5157
5152
5140
5136
5144
5137
5125
5142
5161
5159
5150
5139
5134
5142
5152
5147
5145
5155
5166
5175
5177
5172
5166
5164
5169
5179
5180
5169
5148
5154
5157
5154
5150
5144
5138
5149
5164
5165
5153
5150
5161
5165
5165
5162
5163
5167
5171
5171
5164
5168
5178
5176
5170
5179
5197
5196
5183
5179
5166
5155
5173
5194
5191
5182
5184
5182
5179
5181
5166
5156
5170
5171
5162
5178
5199
5204
5209
5212
5201
5195
5200
5208
5211
5196
5196
5209
5211
5204
5200
5215
5225
5203
5186
5183
5179
5184
5198
5208
5208
5207
5214
5211
5198
5203
5211
5201
5197
5193
5188
5185
5184
5189
5195
5195
5198
5188
5184
5185
5180
5172
5178
5187
5182
5171
5160
5157
5159
5163
5169
5172
5166
5153
5148
5154
5156
5155
5152
5152
5163
5170
5163
5159
5159
5147
5145
5154
5156
5145
5135
5136
5133
5128
5130
5142
5141
5125
5123
5130
5131
5139
5142
5142
5139
5131
5139
5143
5138
5145
5150
5138
5124
5126
5140
5145
5138
5137
5148
5154
5150
5159
5155
5140
5149
5160
5151
5132
5132
5155
5164
5152
5146
5155
5169
5175
5163
5148
5149
5137
5146
5165
5166
5171
5176
5166
5160
5156
5155
5147
5135
5135
5139
5146
5148
5150
5148
5132
5129
5149
5147
5136
5142
5148
5138
5135
5148
5152
5143
5135
5132
5143
5149
5138
5130
5129
5133
5138
5142
5143
5142
5133
5114
5111
5128
5121
5109
5119
5128
5122
5116
5119
5117
5115
5118
5110
5103
5100
5090
5093
5111
5109
5112
5109
5103
5101
5106
5097
5081
5085
5086
5088
5100
5097
5086
5075
5076
5091
5095
5091
5096
5119
5123
5119
5096
5097
5109
5111
5108
5101
5087
5081
5097
5114
5101
5082
5087
5095
5095
5101
5109
5102
5099
5099
5090
5085
5092
5096
5096
5091
5086
5082
5079
5095
5106
5094
5097
5107
5090
5076
5087
5103
5105
5099
5095
5093
5094
5087
5079
5082
5090
5097
5104
5102
5092
5084
5089
5092
5070
5066
5084
5090
5080
5078
5078
5073
5076
5083
5080
5062
5050
5059
5064
5065
5068
5060
5049
5060
5059
5044
5049
5053
5045
5040
5048
5060
5070
5059
5057
5061
5053
5056
5069
5074
5073
5070
5065
5064
5070
5069
5058
5054
5057
5067
5069
5063
5064
5065
5061
5067
5071
5073
5083
5080
5073
5081
5090
5087
5084
5080
5072
5071
5081
5095
5099
5087
5079
5094
5108
5109
5103
5103
5110
5100
5103
5119
5119
5110
5120
5127
5134
5148
5141
5135
5129
5111
5122
5150
5143
5123
5118
5109
5109
5130
5140
5133
5129
5117
5109
5125
5129
5115
5109
5103
5099
5098
5098
5099
5099
5109
5101
5077
5071
5078
5080
5087
5086
5068
5054
5057
5073
5057
5035
5048
5064
5064
5064
5056
5052
5072
5081
5061
5056
5068
5063
5057
5064
5057
5047
5057
5068
5060
5052
5056
5064
5080
5080
5060
5046
5038
5015
5021
4997
4953
4943
4956
4940
4924
4936
4948
4941
4921
4910
4912
4910
4901
4901
4908
4919
4935
4955
4978
4989
4984
4986
4998
5009
5024
5046
5075
5104
5113
5117
5136
5145
5144
5159
5165
5148
5136
5120
5089
5077
5062
5043
5012
4989
4976
4944
4904
4900
4906
4905
4906
4907
4909
4928
4943
4957
4985
5012
5036
5055
5059
5069
5089
5107
5128
5132
5129
5148
5166
5161
5149
5152
5162
5172
5150
5142
5148
5149
5136
5124
5113
5093
5083
5077
5069
5064
5058
5043
5035
5040
5031
5022
5033
5029
5014
5007
4999
4989
4993
5009
5014
4998
4986
4994
5013
5021
5018
5021
5032
5033
5024
5020
5028
5035
5035
5039
5047
5046
5041
5037
5033
5021
5010
5007
5021
5030
5027
5030
5039
5055
5066
5052
5032
5031
5033
5028
5030
5036
5030
5017
5021
5028
5023
5022
5024
5026
5030
5039
5042
5036
5023
5027
5039
5027
5007
5000
5000
5003
5012
5014
5002
4995
5003
5010
5001
4981
4971
4982
4996
4991
4987
4999
5007
4999
4994
4999
4999
4999
4998
4981
4981
4987
4979
4976
4982
4990
4991
4982
4985
4982
4978
4981
4982
4984
4980
4968
4958
4952
4951
4951
4941
4942
4956
4959
4947
4948
4936
4951
4960
4951
4958
4971
4973
4971
4963
4955
4958
4950
4930
4923
4930
4935
4937
4939
4930
4918
4931
4951
4946
4931
4934
4946
4953
4940
4919
4928
4953
4968
4972
4969
4958
4957
4958
4953
4953
4959
4961
4960
4970
4976
4969
4978
4984
4969
4966
4976
4977
4975
4977
4976
4979
4992
5001
4995
4983
4970
4986
5014
4998
4990
5004
4990
4990
5011
5010
5008
5018
5018
5013
5021
5033
5033
5031
5035
5029
5022
5023
5027
5037
5035
5034
5033
5030
5037
5045
5043
5041
5046
5049
5044
5032
5026
5029
5034
5022
5004
4976
4967
4952
4930
4906
4864
4831
4808
4775
4748
4772
4856
4968
5069
5130
5137
5110
5090
5088
5105
5114
5091
5050
5006
4951
4910
4891
4883
4887
4902
4912
4925
4934
4930
4936
4946
4922
4898
4895
4878
4854
4859
4882
4894
4905
4923
4936
4936
4930
4916
4895
4888
4883
4862
4842
4843
4864
4877
4873
4871
4882
4908
4922
4929
4949
4963
4970
4973
4975
4979
4978
4970
4964
4962
4957
4969
4985
5000
4986
4959
4940
4934
4936
4939
4933
4933
4938
4937
4932
4928
4935
4942
4944
4949
4962
4962
4941
4933
4950
4952
4943
4944
4941
4945
4953
4947
4946
4942
4927
4916
4909
4892
4877
4881
4891
4895
4905
4910
4915
4929
4933
4933
4939
4934
4938
4959
4954
4944
4947
4933
4917
4918
4933
4946
4948
4943
4936
4936
4920
4902
4918
4939
4924
4906
4910
4918
4920
4913
4909
4913
4912
4916
4904
4901
4912
4926
4928
4931
4936
4938
4932
4923
4924
4919
4909
4905
4908
4917
4927
4926
4923
4928
4933
4934
4925
4914
4918
4925
4922
4922
4928
4931
4940
4939
4922
4921
4927
4916
4904
4914
4937
4956
4958
4941
4921
4918
4925
4921
4918
4920
4910
4898
4907
4924
4928
4934
4951
4957
4948
4958
4978
4976
4978
4989
4988
4978
4963
4962
4969
4958
4949
4962
4971
4959
4950
4955
4953
4945
4948
4946
4944
4936
4927
4928
4939
4943
4930
4921
4929
4936
4929
4916
4921
4939
4945
4932
4923
4917
4915
4907
4901
4914
4925
4920
4910
4906
4912
4922
4925
4925
4928
4924
4908
4904
4912
4911
4904
4899
4903
4913
4907
4899
4902
4898
4886
4883
4887
4885
4876
4876
4889
4894
4881
4873
4877
4876
4876
4882
4887
4880
4876
4885
4886
4877
4879
4890
4894
4886
4877
4874
4880
4883
4879
4880
4876
4880
4881
4889
4886
4873
4872
4874
4883
4900
4891
4881
4889
4898
4902
4906
4900
4891
4889
4897
4902
4891
4887
4904
4911
4908
4908
4901
4904
4916
4910
4911
4918
4900
4890
4888
4886
4894
4902
4907
4917
4915
4894
4884
4888
4900
4914
4900
4882
4888
4902
4903
4893
4893
4901
4900
4892
4885
4878
4870
4865
4868
4878
4884
4892
4899
4892
4880
4875
4864
4864
4881
4882
4878
4874
4860
4862
4871
4861
4852
4868
4889
4876
4860
4871
4888
4886
4875
4876
4883
4879
4869
4862
4857
4860
4855
4851
4844
4857
4898
4915
4885
4856
4846
4837
4830
4830
4840
4847
4847
4841
4836
4849
4872
4876
4863
4865
4874
4869
4872
4884
4881
4868
4877
4893
4895
4891
4873
4859
4867
4878
4870
4851
4847
4852
4852
4851
4848
4847
4857
4863
4858
4856
4857
4850
4842
4843
4850
4865
4871
4869
4873
4862
4847
4852
4868
4868
4860
4861
4862
4845
4816
4812
4826
4828
4833
4835
4819
4806
4805
4813
4833
4850
4853
4839
4824
4817
4814
4822
4839
4840
4807
4792
4811
4819
4824
4830
4820
4811
4822
4826
4827
4828
4812
4807
4831
4848
4842
4840
4835
4834
4851
4853
4839
4843
4853
4850
4840
4836
4841
4837
4836
4838
4843
4860
4868
4859
4861
4880
4882
4867
4866
4876
4869
4853
4845
4851
4858
4852
4850
4875
4865
4858
4863
4867
4876
4891
4897
4885
4870
4868
4876
4881
4879
4872
4857
4855
4879
4897
4883
4862
4858
4857
4848
4843
4852
4856
4855
4859
4858
4847
4858
4850
4836
4829
4828
4822
4825
4834
4819
4803
4820
4849
4855
4846
4841
4840
4850
4864
4867
4855
4833
4827
4838
4843
4838
4828
4828
4836
4840
4839
4821
4789
4757
4739
4734
4727
4710
4682
4652
4651
4677
4691
4698
4704
4700
4688
4642
4626
4644
4657
4662
4681
4714
4741
4744
4748
4768
4792
4821
4853
4878
4888
4894
4904
4915
4923
4931
4933
4940
4966
4979
4955
4929
4912
4905
4900
4865
4820
4804
4801
4782
4765
4746
4726
4722
4699
4684
4670
4661
4662
4664
4673
4683
4694
4721
4743
4754
4773
4795
4820
4836
4851
4869
4879
4887
4903
4911
4913
4927
4935
4931
4937
4947
4946
4952
4960
4953
4934
4903
4886
4883
4860
4829
4805
4787
4785
4796
4798
4785
4775
4775
4782
4777
4764
4764
4762
4761
4767
4762
4753
4770
4803
4814
4807
4790
4774
4783
4805
4819
4830
4827
4798
4771
4774
4781
4767
4762
4771
4775
4776
4776
4771
4775
4789
4799
4808
4815
4809
4798
4801
4804
4787
4767
4758
4756
4757
4762
4761
4768
4772
4764
4760
4750
4735
4742
4745
4741
4753
4757
4739
4718
4706
4720
4733
4731
4730
4726
4718
4720
4730
4731
4734
4730
4720
4717
4711
4707
4726
4727
4711
4711
4727
4738
4734
4722
4710
4711
4726
4733
4725
4714
4704
4703
4718
4728
4720
4711
4716
4737
4753
4749
4740
4738
4735
4735
4732
4718
4703
4698
4713
4722
4711
4704
4721
4733
4719
4707
4704
4700
4702
4715
4706
4708
4715
4717
4715
4699
4682
4693
4708
4714
4707
4687
4681
4688
4701
4693
4672
4664
4673
4690
4695
4678
4665
4669
4678
4685
4676
4670
4679
4682
4681
4690
4697
4703
4705
4700
4702
4707
4698
4699
4720
4723
4712
4717
4727
4721
4703
4698
4703
4712
4722
4713
4701
4703
4707
4710
4708
4705
4710
4701
4685
4688
4711
4721
4706
4702
4713
4706
4699
4704
4709
4706
4712
4720
4712
4707
4712
4716
4723
4725
4712
4715
4721
4736
4741
4736
4732
4738
4744
4752
4756
4750
4743
4734
4717
4698
4679
4655
4633
4621
4605
4585
4569
4540
4503
4497
4507
4549
4633
4725
4818
4872
4876
4869
4853
4836
4821
4777
4721
4675
4635
4617
4614
4596
4582
4593
4597
4583
4582
4596
4598
4586
4569
4565
4568
4555
4559
4583
4579
4557
4556
4564
4555
4534
4530
4545
4562
4576
4591
4606
4619
4633
4639
4646
4656
4646
4622
4617
4617
4600
4600
4623
4641
4640
4629
4631
4633
4647
4651
4651
4661
4665
4674
4675
4669
4680
4692
4700
4709
4712
4718
4715
4718
4728
4707
4676
4674
4680
4674
4660
4653
4651
4643
4634
4627
4628
4624
4613
4615
4618
4608
4594
4601
4601
4583
4585
4602
4611
4618
4620
4620
4623
4626
4625
4624
4623
4631
4634
4624
4621
4622
4624
4628
4623
4621
4622
4621
4616
4606
4611
4620
4607
4593
4600
4609
4596
4582
4580
4589
4599
4593
4587
4595
4596
4590
4591
4598
4607
4602
4607
4603
4599
4598
4600
4592
4600
4577
4567
4570
4562
4564
4568
4564
4572
4568
4546
4539
4546
4569
4593
4583
4551
4548
4555
4544
4544
4556
4553
4550
4550
4537
4534
4552
4571
4580
4577
4563
4564
4573
4573
4570
4567
4567
4575
4582
4568
4559
4569
4566
4561
4572
4574
4575
4589
4584
4564
4556
4553
4546
4557
4575
4575
4558
4556
4565
4567
4561
4547
4545
4556
4556
4565
4580
4580
4571
4561
4548
4541
4552
4565
4568
4570
4566
4559
4568
4582
4559
4533
4545
4557
4560
4562
4564
4567
4566
4566
4565
4560
4557
4568
4575
4572
4574
4563
4545
4546
4563
4559
4539
4536
4537
4534
4529
4512
4501
4514
4513
4496
4488
4485
4486
4484
4487
4493
4492
4497
4500
4486
4483
4503
4505
4490
4486
4488
4491
4503
4509
4492
4482
4490
4497
4495
4489
4486
4481
4481
4489
4489
4483
4491
4495
4482
4478
4487
4487
4483
4480
4475
4482
4484
4486
4481
4472
4475
4475
4463
4459
4466
4478
4465
4467
4488
4495
4501
4502
4484
4469
4472
4476
4471
4458
4452
4465
4473
4467
4462
4474
4477
4466
4471
4475
4477
4495
4495
4474
4462
4467
4473
4479
4484
4475
4452
4449
4456
4456
4457
4462
4470
4470
4457
4451
4460
4465
4460
4460
4455
4445
4446
4457
4461
4461
4464
4471
4473
4465
4458
4456
4450
4443
4444
4446
4444
4446
4446
4447
4437
4434
4435
4436
4438
4450
4458
4452
4446
4444
4442
4442
4446
4453
4453
4453
4436
4428
4432
4446
4450
4442
4443
4449
4457
4454
4440
4440
4449
4451
4443
4434
4437
4445
4443
4441
4443
4438
4440
4449
4454
4442
4431
4443
4457
4445
4431
4434
4433
4428
4435
4440
4434
4429
4427
4429
4427
4417
4417
4426
4429
4438
4436
4423
4415
4413
4421
4426
4425
4419
4415
4429
4435
4421
4416
4430
4435
4423
4431
4428
4407
4397
4399
4394
4386
4381
4375
4364
4366
4383
4389
4388
4402
4413
4415
4413
4409
4408
4422
4418
4411
4416
4412
4403
4411
4414
4409
4411
4411
4392
4389
4397
4392
4393
4407
4417
4411
4398
4400
4409
4414
4426
4436
4434
4424
4417
4415
4421
4432
4432
4434
4442
4435
4437
4452
4446
4430
4435
4451
4444
4420
4421
4446
4449
4437
4439
4444
4443
4442
4454
4465
4467
4460
4443
4448
4447
4451
4464
4469
4470
4472
4459
4449
4457
4466
4460
4450
4449
4441
4434
4443
4454
4446
4432
4427
4431
4440
4438
4421
4405
4413
4425
4418
4412
4407
4391
4385
4401
4412
4412
4416
4426
4438
4441
4428
4420
4430
4448
4455
4446
4434
4419
4412
4431
4439
4425
4412
4392
4356
4318
4294
4297
4295
4263
4229
4215
4223
4262
4306
4330
4339
4341
4329
4311
4299
4285
4272
4285
4305
4308
4346
4375
4380
4385
4395
4394
4405
4429
4450
4474
4501
4518
4526
4547
4572
4577
4572
4580
4583
4573
4560
4552
4545
4533
4524
4509
4490
4476
4459
4453
4457
4442
4423
4416
4407
4380
4361
4357
4344
4328
4324
4319
4316
4330
4339
4354
4386
4399
4402
4429
4450
4454
4451
4453
4473
4493
4483
4476
4490
4486
4472
4479
4499
4510
4510
4524
4525
4502
4499
4503
4485
4468
4462
4451
4442
4442
4437
4429
4434
4435
4422
4407
4405
4421
4418
4398
4402
4410
4412
4425
4430
4416
4401
4413
4443
4457
4451
4450
4454
4463
4476
4484
4488
4492
4500
4511
4509
4505
4505
4510
4516
4512
4520
4517
4494
4482
4484
4491
4487
4480
4478
4470
4456
4455
4470
4462
4444
4447
4452
4451
4450
4437
4425
4432
4443
4427
4408
4424
4433
4422
4426
4438
4431
4423
4429
4434
4435
4436
4429
4420
4409
4405
4416
4437
4426
4411
4420
4429
4432
4441
4438
4436
4442
4445
4440
4443
4446
4444
4465
4474
4451
4448
4464
4459
4453
4469
4477
4470
4474
4490
4489
4479
4475
4476
4482
4476
4458
4462
4475
4479
4482
4481
4472
4461
4458
4459
4467
4477
4484
4487
4486
4476
4472
4472
4477
4493
4491
4476
4484
4500
4492
4484
4488
4482
4471
4471
4473
4473
4474
4482
4493
4496
4485
4492
4504
4507
4507
4508
4519
4516
4499
4506
4512
4518
4519
4512
4506
4511
4522
4528
4521
4517
4520
4525
4523
4518
4523
4527
4516
4515
4532
4547
4550
4541
4533
4542
4545
4539
4546
4541
4535
4546
4552
4553
4556
4549
4545
4563
4574
4562
4560
4573
4581
4580
4584
4589
4585
4578
4574
4580
4596
4604
4610
4619
4625
4619
4618
4620
4613
4612
4612
4607
4601
4577
4547
4538
4528
4510
4502
4499
4461
4409
4364
4327
4340
4419
4561
4656
4718
4735
4724
4699
4682
4681
4677
4657
4622
4581
4536
4511
4507
4496
4489
4495
4500
4497
4498
4494
4488
4484
4469
4452
4445
4437
4441
4470
4519
4553
4565
4581
4593
4580
4564
4574
4571
4549
4550
4563
4551
4541
4548
4548
4539
4540
4555
4555
4549
4561
4590
4612
4603
4580
4587
4612
4621
4613
4610
4616
4621
4632
4629
4622
4628
4640
4650
4648
4645
4646
4643
4645
4644
4638
4641
4650
4629
4618
4614
4608
4603
4602
4608
4610
4592
4590
4596
4593
4595
4591
4577
4574
4591
4621
4631
4618
4615
4626
4632
4636
4639
4641
4652
4658
4645
4637
4641
4634
4632
4635
4625
4615
4607
4604
4608
4612
4616
4619
4623
4626
4620
4615
4627
4639
4634
4634
4640
4646
4648
4640
4638
4638
4639
4653
4655
4633
4616
4620
4636
4639
4624
4621
4623
4621
4615
4606
4603
4607
4618
4626
4619
4608
4618
4624
4623
4622
4628
4640
4632
4617
4636
4649
4634
4617
4608
4616
4637
4648
4642
4632
4640
4650
4658
4668
4666
4659
4662
4664
4671
4678
4667
4660
4674
4676
4671
4679
4693
4700
4700
4694
4689
4701
4714
4712
4708
4703
4705
4715
4717
4713
4712
4718
4725
4714
4702
4705
4708
4698
4697
4704
4696
4699
4723
4722
4705
4709
4712
4698
4686
4697
4708
4697
4688
4693
4711
4716
4710
4701
4689
4700
4715
4712
4691
4690
4698
4703
4712
4703
4692
4695
4698
4691
4683
4690
4702
4711
4711
4703
4702
4702
4698
4696
4694
4690
4686
4686
4691
4693
4701
4705
4699
4693
4690
4694
4701
4698
4699
4714
4719
4719
4724
4722
4706
4704
4707
4697
4697
4699
4698
4709
4720
4715
4700
4690
4701
4717
4719
4719
4716
4714
4719
4720
4718
4711
4702
4709
4717
4705
4699
4707
4713
4716
4720
4717
4713
4713
4714
4717
4722
4728
4725
4717
4730
4739
4736
4747
4756
4750
4746
4740
4746
4760
4758
4758
4767
4764
4752
4747
4762
4780
4771
4767
4767
4751
4747
4746
4738
4751
4766
4755
4734
4740
4754
4748
4749
4761
4766
4774
4779
4768
4760
4773
4777
4759
4750
4757
4752
4744
4741
4747
4758
4764
4761
4757
4761
4767
4771
4784
4793
4790
4780
4773
4775
4778
4782
4791
4792
4784
4775
4779
4797
4805
4812
4809
4801
4800
4809
4807
4801
4816
4834
4824
4810
4805
4806
4801
4794
4803
4822
4822
4815
4816
4809
4805
4816
4819
4812
4813
4815
4815
4811
4802
4803
4808
4815
4829
4824
4810
4820
4833
4817
4798
4800
4801
4794
4790
4784
4788
4815
4822
4802
4802
4818
4814
4803
4803
4806
4805
4805
4804
4803
4815
4815
4796
4802
4822
4818
4800
4793
4805
4812
4819
4829
4816
4798
4807
4810
4811
4831
4820
4819
4830
4831
4825
4825
4828
4829
4824
4835
4851
4853
4850
4845
4826
4818
4822
4842
4841
4828
4837
4853
4848
4851
4866
4871
4867
4854
4849
4853
4852
4851
4854
4855
4850
4848
4859
4871
4877
4888
4890
4887
4893
4901
4916
4921
4906
4906
4918
4913
4905
4910
4912
4914
4911
4908
4914
4919
4914
4903
4902
4912
4913
4902
4900
4893
4889
4906
4912
4907
4900
4893
4886
4877
4888
4907
4878
4868
4875
4872
4866
4880
4888
4878
4875
4887
4890
4875
4864
4873
4875
4874
4876
4874
4873
4873
4875
4879
4881
4878
4881
4883
4883
4876
4869
4877
4883
4877
4867
4863
4876
4886
4873
4867
4872
4876
4866
4844
4828
4807
4780
4773
4784
4790
4782
4784
4791
4780
4763
4752
4746
4738
4721
4723
4760
4798
4815
4827
4842
4852
4855
4869
4877
4873
4886
4914
4931
4934
4956
4977
4978
4983
4987
5008
5004
4998
4997
4985
4966
4940
4895
4857
4826
4788
4757
4735
4721
4728
4728
4719
4743
4787
4811
4818
4837
4877
4905
4920
4944
4965
4976
4984
4997
5007
4998
5014
5033
5024
5006
4997
5002
5018
5021
5011
5001
4989
4992
4985
4962
4957
4960
4961
4965
4958
4936
4929
4934
4920
4924
4935
4915
4902
4912
4915
4918
4930
4937
4930
4929
4931
4917
4910
4914
4912
4911
4908
4898
4904
4911
4915
4919
4904
4882
4886
4907
4927
4938
4943
4948
4946
4946
4954
4958
4956
4957
4962
4955
4946
4960
4982
4998
5002
4994
4989
4993
4999
4992
4986
4979
4973
4977
4974
4969
4970
4969
4959
4954
4954
4947
4940
4945
4952
4949
4950
4947
4940
4937
4928
4932
4948
4943
4930
4929
4934
4931
4913
4909
4924
4933
4934
4921
4902
4915
4926
4916
4915
4919
4921
4919
4919
4933
4942
4931
4921
4916
4922
4940
4940
4923
4924
4937
4931
4920
4921
4922
4925
4930
4926
4931
4941
4933
4918
4918
4932
4945
4949
4940
4935
4937
4932
4928
4925
4922
4935
4952
4951
4947
4951
4954
4952
4944
4940
4949
4953
4954
4961
4967
4965
4954
4941
4945
4960
4957
4952
4970
4983
4969
4952
4959
4982
4990
4994
5015
5021
5002
4991
5005
5015
4999
4989
5006
5014
5014
5022
5031
5024
5015
5025
5043
5047
5032
5024
5033
5030
5021
5028
5035
5030
5028
5039
5047
5043
5036
5031
5036
5051
5057
5053
5049
5047
5056
5061
5057
5057
5073
5079
5067
5060
5067
5081
5079
5068
5077
5102
5105
5095
5089
5077
5071
5065
5040
5016
4997
4973
4952
4941
4924
4882
4832
4792
4764
4762
4698
4872
4996
5112
5179
5192
5164
5136
5143
5153
5144
5122
5066
4998
4956
4935
4936
4941
4941
4957
4981
4997
4999
4994
5000
4987
4963
4934
4938
4946
4948
4964
4974
4968
4970
4972
4965
4959
4954
4949
4943
4937
4935
4928
4923
4930
4940
4938
4927
4935
4966
5001
5025
5030
5037
5041
5034
5034
5030
5023
5022
5011
5001
5001
4993
4990
5000
4999
4989
4988
4979
4959
4954
4954
4954
4960
4967
4972
4971
4972
4989
5008
5017
5028
5041
5047
5031
5032
5039
5031
5038
5049
5043
5038
5043
5058
5064
5052
5032
5021
5018
5019
5009
4997
5007
4986
4976
5002
5026
5035
5035
5034
5040
5046
5046
5042
5036
5043
5056
5051
5043
5045
5041
5032
5035
5037
5039
5037
5026
5023
5018
5014
5019
5028
5026
5022
5015
5008
5018
5028
5017
5012
5023
5021
5025
5041
5034
5021
5016
5012
5016
5015
5007
5012
5021
5017
5010
5010
5012
5005
5012
5028
5027
5024
5036
5052
5047
5042
5038
5033
5037
5045
5041
5024
5007
5015
5030
5032
5025
5025
5035
5033
5030
5029
5034
5042
5039
5031
5043
5065
5073
5059
5047
5051
5059
5066
5063
5046
5037
5053
5078
5084
5071
5073
5086
5082
5071
5073
5082
5081
5086
5096
5087
5074
5071
5074
5081
5083
5080
5073
5057
5056
5068
5079
5082
5083
5079
5070
5064
5064
5057
5057
5076
5084
5068
5060
5068
5061
5052
5065
5075
5065
5049
5051
5069
5075
5064
5051
5053
5057
5061
5060
5059
5058
5053
5045
5039
5039
5044
5052
5047
5038
5050
5068
5065
5047
5038
5043
5049
5058
5071
5071
5062
5058
5056
5058
5049
5048
5068
5062
5047
5055
5065
5065
5066
5072
5071
5064
5067
5074
5083
5078
5065
5067
5076
5075
5072
5080
5083
5071
5063
5060
5069
5085
5078
5067
5079
5085
5076
5070
5074
5081
5077
5069
5077
5083
5084
5081
5077
5086
5095
5091
5088
5094
5099
5089
5078
5075
5076
5085
5096
5091
5078
5078
5094
5088
5085
5101
5107
5086
5074
5078
5081
5081
5070
5054
5059
5065
5065
5065
5067
5075
5080
5076
5065
5070
5093
5086
5069
5073
5070
5062
5060
5063
5076
5084
5080
5074
5077
5087
5089
5080
5079
5083
5081
5071
5067
5074
5067
5064
5082
5085
5075
5074
5076
5079
5084
5088
5093
5089
5074
5070
5082
5089
5082
5073
5059
5061
5080
5077
5068
5092
5102
5087
5080
5078
5074
5083
5094
5103
5108
5097
5096
5098
5104
5105
5098
5097
5083
5086
5100
5104
5094
5089
5096
5093
5087
5087
5080
5074
5076
5074
5067
5081
5102
5095
5053
5030
5050
5095
5132
5143
5111
5060
5026
5011
5003
4997
4991
4995
5016
5034
5048
5077
5110
5126
5141
5157
5154
5137
5119
5118
5124
5115
5102
5084
5069
5058
5048
5047
5050
5044
5037
5045
5063
5070
5071
5073
5081
5091
5097
5109
5118
5117
5122
5130
5125
5140
5151
5145
5140
5146
5141
5135
5131
5116
5110
5115
5125
5138
5141
5140
5146
5142
5133
5143
5146
5136
5143
5148
5147
5150
5150
5138
5135
5135
5121
5108
5114
5124
5133
5145
5138
5116
5116
5132
5127
5110
5108
5113
5119
5133
5149
5155
5153
5145
5127
5124
5134
5131
5119
5117
5119
5124
5137
5140
5137
5139
5132
5116
5118
5122
5118
5114
5119
5121
5111
5112
5129
5129
5114
5107
5115
5135
5147
5135
5127
5130
5140
5142
5139
5149
5155
5155
5160
5165
5151
5125
5117
5117
5105
5089
5078
5185
5045
5023
5016
5018
5016
5018
5030
5037
5035
5031
5017
5007
5005
4993
4986
4993
5004
5015
5020
5015
5027
5053
5063
5063
5085
5105
5113
5128
5152
5169
5175
5181
5181
5187
5198
5186
5163
5145
5129
5119
5094
5063
5054
5052
5036
5032
5045
5048
5057
5074
5072
5072
5074
5071
5091
5120
5139
5145
5154
5168
5195
5218
5217
5217
5230
5235
5239
5243
5228
5209
5200
5187
5171
5160
5149
5151
5159
5151
5145
5155
5157
5150
5136
5125
5112
5107
5099
5092
5104
5114
5112
5118
5129
5129
5132
5135
5122
5114
5104
5081
5078
5095
5103
5092
5078
5074
5072
5085
5107
5107
5096
5098
5108
5107
5094
5099
5109
5092
5082
5099
5110
5096
5093
5108
5123
5133
5123
5094
5077
5086
5097
5094
5092
5089
5095
5111
5120
5117
5123
5139
5135
5124
5133
5132
5115
5110
5122
5128
5118
5111
5115
5116
5104
5092
5097
5097
5086
5086
5093
5097
5102
5104
5091
5078
5083
5087
5084
5087
5086
5090
5092
5086
5089
5089
5077
5076
5086
5092
5087
5072
5049
5037
5043
5055
5062
5062
5056
5047
5055
5063
5057
5052
5057
5064
5068
5086
5095
5085
5083
5077
5075
5086
5086
5079
5077
5070
5061
5067
5079
5077
5076
5082
5087
5085
5081
5083
5075
5066
5083
5104
5103
5096
5098
5108
5116
5113
5112
5124
5125
5115
5119
5122
5113
5107
5111
5124
5134
5132
5129
5136
5147
5154
5143
5133
5141
5155
5152
5138
5141
5155
5152
5144
5157
5164
5157
5144
5135
5142
5158
5159
5147
5146
5148
5142
5136
5132
5139
5151
5153
5141
5140
5147
5140
5136
5147
5151
5157
5156
5141
5134
5143
5143
5143
5154
5155
5153
5165
5186
5165
5153
5145
5150
5158
5154
5146
5139
5141
5138
5122
5120
5120
5089
5064
5062
5050
5010
4956
4904
4871
4843
4829
4871
4964
5074
5163
5198
5196
5181
5173
5189
5220
5224
5185
5120
5060
5014
4983
4971
4979
4994
5011
5043
4934
5061
5069
5071
5048
5028
5015
4992
4988
5008
5026
5041
5062
5077
5094
5094
5059
5034
5040
5046
5044
5032
5016
5028
5043
5033
5020
5018
5011
5015
5029
5027
5036
5054
5082
5099
5101
5117
5145
5150
5129
5111
5100
5089
5072
5068
5084
5089
5085
5079
5068
5062
5057
5046
5038
5040
5032
5013
4993
4984
4998
5014
5011
5008
5024
5040
5045
5046
5044
5037
5046
5061
5061
5062
5072
5070
5053
5037
5037
5044
5044
5035
5018
5009
5012
5007
4996
4989
4999
5009
5018
5017
5012
5021
5036
5035
5030
5038
5048
5054
5054
5045
5029
5027
5043
5054
5050
5048
5043
5045
5044
5039
5040
5040
5027
5021
5024
5029
5031
5022
5028
5036
5020
5004
5004
5009
5022
5029
5033
5031
5023
5024
5021
5016
5022
5030
5031
5026
5026
5024
5013
5013
5016
5010
5010
5026
5030
5028
5031
5030
5019
5011
5019
5029
5030
5039
5045
5049
5060
5073
5084
5079
5057
5053
5059
5057
5049
5056
5052
5040
5042
5048
5049
5050
5050
5044
5050
5055
5052
5051
5054
5058
5064
5070
5069
5065
5067
5053
5055
5057
5034
5028
5047
5054
5049
5049
5045
5037
5045
5051
5027
5015
5030
5043
5053
5055
5037
5014
5005
4999
5000
5006
5004
5005
5010
5004
4994
5000
5018
5010
5000
5015
5020
5007
4993
4986
4987
4973
4963
4978
4979
4968
4978
4984
4973
4981
4989
4973
4968
4980
4978
4980
4985
4978
4972
4974
4979
4995
5006
4998
4997
4991
4990
4990
4984
4982
5000
5011
4995
4977
4972
4955
4970
4988
4989
4977
4973
4983
4986
4975
4971
4985
4992
4982
4981
4986
4981
4977
4972
4965
4962
4963
4970
4978
4977
4974
4985
4985
4971
4968
4971
4969
4976
4988
4984
4964
4968
4982
4979
4972
4975
4983
4981
4979
4987
4993
4992
4986
4978
4988
5003
5007
4996
4983
4987
4991
4989
4988
4986
4989
4993
4987
4972
4975
4989
4983
4976
4988
4985
4973
4974
4982
4981
4971
4969
4962
4954
4964
4976
4973
4974
4962
4952
4973
4985
4967
4961
4962
4958
4956
4957
4953
4958
4972
4970
4958
4950
4948
4945
4937
4938
4947
4951
4953
4961
4961
4949
4940
4943
4952
4956
4954
4960
4969
4964
4947
4935
4947
4969
4970
4966
4966
4955
4952
4965
4971
4962
4951
4952
4967
4976
4975
4979
4976
4971
4972
4969
4962
4968
4970
4955
4947
4954
4961
4970
4975
4975
4975
4978
4982
4983
4982
4976
4965
4969
4968
4966
4961
4953
4960
4957
4958
4970
4966
4960
4957
4946
4941
4940
4936
4943
4951
4952
4945
4926
4922
4936
4946
4946
4941
4932
4932
4937
4927
4914
4914
4915
4915
4925
4929
4918
4914
4918
4916
4910
4916
4915
4896
4902
4916
4910
4905
4902
4915
4943
4947
4931
4930
4946
4946
4936
4946
4951
4936
4930
4931
4920
4911
4925
4940
4942
4943
4953
4954
4943
4933
4929
4945
4964
4955
4944
4965
4969
4964
4969
4986
4997
4994
4995
4993
4989
4975
4983
4992
4985
4985
4996
5000
4992
4977
4968
4971
4976
4983
4991
4994
4991
4985
4983
4986
4979
4965
4961
4955
4950
4960
4957
4946
4958
4960
4952
4957
4953
4936
4933
4935
4938
4933
4926
4935
4934
4923
4923
4925
4924
4920
4913
4914
4921
4930
4930
4925
4928
4924
4911
4919
4948
4963
4952
4934
4922
4915
4911
4908
4884
4859
4845
4829
4809
4796
4797
4817
4832
4830
4829
4828
4822
4808
4781
4761
4765
4770
4764
4767
4773
4806
4831
4839
4859
4870
4866
4869
4877
4893
4921
4952
4978
4992
5008
5029
5042
5038
5031
5029
5019
4997
4976
4961
4939
4910
4881
4856
4825
4790
4772
4757
4734
4734
4752
4765
4774
4785
4803
4825
4841
4849
4863
4877
4903
4925
4929
4944
4960
4963
4977
5003
5008
5004
5007
5013
5012
4989
4968
4975
4979
4953
4950
4949
4946
4950
4937
4913
4901
4897
4890
4888
4887
4878
4862
4851
4842
4841
4856
4855
4833
4828
4842
4845
4843
4843
4857
4850
4825
4819
4825
4831
4835
4835
4836
4840
4847
4856
4856
4857
4850
4835
4839
4856
4862
4860
4848
4848
4853
4853
4856
4857
4869
4884
4885
4878
4870
4868
4884
4900
4897
4887
4886
4882
4873
4889
4914
4912
4894
4881
4883
4889
4880
4870
4864
4864
4861
4836
4836
4858
4874
4876
4865
4850
4838
4842
4853
4855
4849
4843
4846
4851
4849
4855
4862
4865
4866
4864
4848
4837
4847
4868
4883
4877
4857
4843
4840
4851
4852
4838
4835
4836
4839
4839
4836
4838
4840
4833
4827
4827
4821
4821
4832
4836
4847
4859
4853
4842
4835
4830
4827
4818
4808
4804
4798
4798
4799
4795
4800
4799
4786
4778
4781
4796
4809
4806
4797
4801
4802
4794
4789
4785
4791
4807
4799
4809
4802
4792
4796
4790
4789
4803
4798
4779
4782
4793
4791
4799
4809
4810
4808
4811
4809
4807
4808
4802
4798
4813
4833
4832
4823
4822
4821
4821
4815
4806
4805
4806
4818
4826
4842
4850
4830
4813
4820
4825
4828
4836
4839
4836
4839
4846
4843
4848
4863
4854
4836
4841
4853
4861
4868
4871
4863
4851
4855
4860
4866
4873
4868
4867
4869
4865
4869
4862
4854
4872
4893
4893
4879
4869
4864
4837
4844
4852
4832
4805
4790
4792
4797
4780
4728
4659
4592
4550
4560
4619
4716
4828
4918
4991
5039
5027
4991
4982
4970
4953
4930
4882
4833
4793
4755
4732
4727
4723
4708
4704
4713
4713
4720
4725
4708
4699
4711
4707
4700
4691
4695
4712
4731
4747
4743
4725
4717
4704
4679
4680
4703
4728
4740
4734
4739
4759
4771
4765
4752
4755
4762
4750
4746
4756
4762
4764
4772
4791
4806
4792
4777
4768
4763
4756
4770
4782
4775
4776
4779
4789
4802
4782
4762
4774
4782
4777
4776
4778
4782
4777
4772
4777
4776
4759
4749
4754
4754
4739
4723
4719
4726
4731
4724
4720
4737
4758
4754
4735
4743
4770
4771
4757
4764
4768
4769
4770
4769
4772
4784
4790
4790
4774
4764
4764
4767
4757
4729
4719
4723
4717
4724
4732
4729
4740
4764
4769
4753
4741
4746
4760
4765
4751
4736
4733
4736
4740
4742
4737
4738
4737
4716
4705
4708
4711
4722
4736
4731
4705
4686
4695
4712
4709
4705
4716
4733
4734
4726
4729
4725
4708
4705
4708
4721
4733
4725
4710
4710
4708
4694
4686
4699
4708
4695
4691
4688
4685
4702
4719
4717
4701
4701
4730
4743
4729
4736
4760
4751
4724
4721
4729
4742
4750
4745
4741
4730
4716
4712
4711
4712
4722
4729
4723
4718
4726
4731
4724
4720
4728
4741
4738
4728
4727
4736
4749
4755
4740
4729
4732
4737
4736
4732
4728
4720
4721
4725
4714
4715
4727
4728
4725
4724
4727
4726
4725
4720
4714
4714
4716
4725
4721
4695
4681
4698
4709
4695
4690
4693
4686
4685
4682
4676
4673
4672
4680
4684
4673
4663
4668
4679
4678
4664
4657
4667
4679
4675
4654
4645
4655
4654
4647
4650
4646
4641
4658
4670
4667
4659
4655
4654
4655
4636
4634
4649
4654
4661
4664
4658
4652
4643
4635
4646
4659
4667
4664
4647
4633
4633
4650
4668
4663
4654
4654
4644
4637
4647
4657
4654
4650
4649
4642
4635
4641
4656
4662
4662
4662
4665
4679
4684
4674
4662
4658
4661
4667
4672
4672
4663
4659
4668
4674
4677
4674
4659
4652
4656
4651
4647
4655
4664
4661
4648
4633
4639
4651
4655
4661
4658
4644
4632
4626
4632
4636
4627
4616
4616
4626
4632
4633
4635
4637
4643
4634
4627
4622
4620
4629
4634
4620
4618
4623
4611
4606
4608
4602
4604
4606
4614
4626
4613
4598
4602
4598
4593
4601
4603
4604
4622
4631
4610
4593
4597
4601
4599
4602
4606
4602
4601
4604
4598
4592
4600
4604
4600
4608
4611
4610
4608
4601
4596
4596
4609
4624
4612
4586
4588
4607
4604
4593
4595
4601
4602
4593
4593
4604
4605
4605
4617
4614
4608
4614
4618
4621
4614
4593
4594
4597
4587
4592
4597
4586
4581
4583
4587
4596
4589
4605
4603
4599
4604
4600
4592
4599
4603
4607
4610
4598
4579
4569
4575
4588
4590
4582
4578
4577
4572
4560
4552
4560
4568
4564
4552
4555
4566
4568
4571
4572
4570
4581
4579
4563
4568
4574
4570
4572
4564
4554
4553
4555
4552
4553
4553
4549
4558
4561
4538
4540
4557
4554
4558
4559
4545
4541
4547
4546
4539
4541
4551
4554
4552
4547
4546
4550
4549
4548
4554
4552
4550
4559
4568
4579
4573
4563
4566
4557
4553
4561
4558
4555
4544
4550
4565
4561
4557
4555
4551
4553
4559
4564
4564
4560
4562
4570
4564
4561
4568
4570
4570
4566
4554
4545
4531
4527
4537
4540
4534
4529
4520
4509
4515
4524
4511
4490
4495
4507
4511
4510
4506
4496
4495
4513
4532
4546
4547
4531
4522
4530
4531
4537
4554
4552
4535
4530
4529
4518
4514
4523
4531
4520
4500
4479
4453
4435
4428
4403
4368
4345
4338
4344
4355
4360
4376
4391
4400
4392
4362
4350
4357
4359
4368
4395
4402
4431
4444
4442
4456
4479
4476
4480
4519
4550
4566
4599
4629
4642
4645
4644
4635
4625
4625
4627
4615
4601
4600
4595
4581
4564
4543
4521
4501
4486
4472
4457
4453
4440
4412
4394
4382
4374
4367
4353
4335
4329
4350
4380
4412
4452
4475
4484
4503
4525
4528
4530
4528
4516
4528
4541
4540
4557
4564
4546
4551
4573
4575
4574
4580
4568
4552
4542
4520
4516
4535
4529
4508
4500
4480
4463
4459
4452
4441
4445
4459
4459
4438
4426
4416
4423
4425
4422
4435
4444
4435
4437
4460
4472
4465
4451
4443
4452
4461
4465
4482
4489
4473
4464
4462
4463
4468
4477
4474
4480
4505
4508
4480
4472
4484
4486
4480
4476
4475
4478
4477
4472
4460
4467
4474
4453
4449
4457
4447
4439
4442
4440
4425
4408
4404
4409
4414
4411
4404
4403
4413
4421
4408
4395
4399
4404
4409
4422
4414
4394
4399
4411
4405
4397
4400
4398
4387
4386
4400
4414
4422
4418
4413
4426
4432
4414
4407
4402
4412
4423
4427
4434
4446
4445
4426
4415
4419
4419
4420
4437
4458
4455
4440
4435
4441
4440
4427
4432
4443
4442
4434
4421
4414
4410
4408
4420
4425
4420
4426
4428
4419
4413
4405
4391
4393
4401
4396
4395
4397
4392
4382
4387
4400
4407
4397
4385
4392
4397
4383
4384
4377
4368
4367
4366
4362
4370
4379
4377
4378
4378
4367
4365
4375
4375
4372
4384
4382
4369
4377
4389
4381
4377
4391
4396
4392
4400
4406
4400
4399
4397
4398
4402
4393
4391
4392
4378
4377
4395
4409
4399
4378
4398
4427
4417
4398
4403
4418
4418
4408
4410
4426
4429
4419
4413
4417
4424
4419
4425
4439
4440
4440
4443
4437
4439
4451
4453
4442
4432
4437
4446
4445
4446
4445
4440
4440
4434
4422
4405
4375
4356
4361
4357
4340
4320
4292
4254
4212
4185
4194
4227
4302
4405
4484
4532
4567
4579
4554
4530
4531
4513
4478
4429
4357
4289
4252
4251
4261
4263
4266
4267
4277
4300
4310
4314
4299
4271
4255
4238
4207
4195
4213
4241
4276
4322
4363
4380
4377
4367
4356
4349
4343
4334
4314
4304
4323
4328
4319
4334
4347
4344
4342
4333
4321
4326
4336
4348
4361
4373
4383
4383
4392
4421
4412
4411
4427
4430
4419
4420
4439
4451
4451
4450
4459
4459
4438
4423
4417
4401
4379
4375
4381
4374
4359
4368
4384
4383
4372
4373
4381
4382
4381
4382
4384
4381
4380
4391
4388
4371
4369
4382
4395
4395
4380
4373
4382
4386
4385
4378
4389
4402
4393
4373
4366
4373
4376
4368
4364
4377
4374
4361
4368
4380
4378
4379
4379
4382
4382
4369
4362
4366
4378
4390
4383
4379
4389
4387
4380
4383
4383
4400
4405
4380
4359
4372
4379
4354
4342
4348
4350
4360
4365
4358
4367
4372
4363
4356
4363
4359
4345
4346
4364
4382
4380
4368
4364
4369
4372
4366
4365
4377
4382
4370
4364
4370
4371
4369
4375
4382
4379
4372
4377
4383
4386
4392
4390
4384
4387
4398
4415
4418
4421
4410
4410
4414
4412
4418
4423
4417
4429
4438
4429
4428
4435
4435
4435
4432
4437
4445
4436
4423
4419
4426
4441
4436
4425
4417
4413
4425
4440
4439
4428
4426
4432
4434
4422
4421
4436
4428
4406
4406
4418
4419
4418
4415
4414
4423
4425
4422
4427
4432
4428
4423
4427
4432
4427
4419
4420
4419
4409
4407
4408
4412
4416
4409
4414
4422
4408
4410
4424
4412
4405
4421
4424
4410
4413
4414
4403
4389
4392
4413
4415
4403
4404
4401
4406
4410
4410
4414
4425
4426
4412
4409
4419
4423
4412
4397
4401
4413
4406
4406
4412
4395
4415
4439
4435
4422
4421
4423
4416
4413
4416
4425
4432
4424
4420
4420
4418
4420
4421
4429
4438
4429
4425
4440
4442
4432
4432
4440
4427
4424
4450
4459
4433
4416
4423
4428
4434
4445
4453
4451
4438
4428
4432
4425
4418
4436
4453
4441
4436
4451
4457
4448
4447
4455
4456
4440
4440
4460
4454
4439
4444
4453
4450
4450
4458
4464
4466
4458
4444
4445
4461
4467
4463
4457
4454
4461
4462
4461
4448
4447
4451
4451
4453
4457
4447
4439
4452
4464
4460
4456
4462
4465
4451
4441
4461
4473
4468
4467
4473
4489
4496
4475
4469
4493
4498
4490
4495
4494
4479
4467
4473
4483
4488
4498
4496
4492
4503
4503
4492
4493
4504
4509
4506
4493
4488
4493
4490
4489
4495
4494
4499
4527
4537
4527
4525
4518
4510
4511
4510
4511
4517
4519
4509
4494
4494
4513
4518
4505
4512
4519
4529
4504
4493
4500
4497
4504
4500
4491
4494
4505
4506
4502
4509
4515
4510
4509
4515
4525
4530
4531
4531
4532
4543
4548
4540
4535
4543
4538
4522
4517
4516
4510
4515
4521
4512
4510
4513
4501
4497
4514
4522
4512
4500
4490
4488
4506
4530
4536
4536
4532
4521
4522
4539
4545
4536
4536
4537
4528
4520
4533
4547
4539
4535
4537
4537
4538
4532
4534
4537
4529
4536
4546
4538
4530
4527
4519
4523
4539
4547
4547
4549
4557
4561
4567
4553
4552
4575
4598
4596
4569
4564
4573
4570
4572
4578
4577
4580
4590
4596
4592
4586
4584
4587
4603
4606
4598
4607
4611
4611
4620
4632
4635
4629
4635
4643
4628
4619
4632
4628
4615
4617
4622
4622
4618
4609
4613
4630
4620
4590
4586
4600
4594
4584
4594
4608
4607
4602
4592
4583
4586
4595
4596
4603
4614
4608
4600
4604
4608
4612
4612
4611
4610
4611
4607
4596
4586
4580
4577
4584
4589
4596
4602
4588
4568
4551
4528
4510
4489
4484
4475
4455
4442
4455
4465
4466
4483
4494
4482
4479
4474
4459
4452
4466
4483
4487
4500
4523
4543
4567
4581
4586
4598
4624
4660
4689
4708
4739
4776
4804
4827
4837
4832
4830
4829
4811
4786
4766
4734
4712
4715
4708
4694
4680
4661
4641
4633
4636
4627
4600
4572
4550
4531
4504
4480
4473
4476
4488
4516
4550
4585
4629
4671
4687
4701
4733
4727
4734
4750
4772
4780
4769
4766
4784
4810
4816
4796
4791
4803
4792
4783
4753
4732
4723
4723
4708
4686
4683
4682
4669
4662
4671
4689
4689
4674
4672
4675
4675
4673
4672
4679
4682
4682
4688
4692
4707
4716
4706
4703
4709
4707
4700
4703
4720
4729
4728
4728
4738
4750
4759
4751
4735
4734
4751
4748
4726
4719
4737
4751
4746
4735
4737
4743
4735
4728
4738
4746
4753
4766
4767
4745
4735
4735
4730
4726
4723
4722
4722
4725
4725
4714
4706
4706
4699
4697
4708
4708
4706
4707
4716
4718
4712
4711
4711
4703
4699
4707
4704
4686
4676
4686
4699
4708
4709
4710
4710
4695
4689
4700
4699
4698
4711
4704
4695
4700
4706
4711
4693
4678
4691
4703
4709
4709
4693
4691
4706
4713
4709
4713
4720
4703
4692
4707
4722
4727
4720
4713
4713
4708
4704
4698
4704
4714
4710
4715
4723
4718
4712
4700
4714
4730
4730
4725
4724
4722
4730
4744
4741
4734
4734
4736
4726
4715
4729
4746
4733
4723
4736
4747
4744
4745
4748
4733
4724
4723
4726
4736
4748
4751
4747
4756
4777
4784
4774
4779
4783
4778
4784
4796
4791
4773
4771
4789
4798
4785
4771
4765
4772
4785
4794
4802
4813
4817
4813
4806
4801
4797
4800
4809
4811
4810
4820
4830
4835
4832
4830
4826
4820
4827
4834
4839
4851
4850
4838
4835
4828
4832
4850
4872
4875
4860
4859
4881
4903
4904
4895
4885
4873
4860
4845
4829
4810
4806
4810
4790
4754
4721
4682
4645
4613
4615
4677
4778
4874
4940
4976
4992
4993
4988
4995
5002
5000
4956
4891
4835
4778
4747
4745
4735
4713
4708
4732
4760
4764
4763
4775
4766
4725
4696
4699
4698
4686
4692
4726
4767
4803
4822
4826
4816
4789
4785
4801
4803
4800
4795
4791
4781
4785
4794
4800
4807
4808
4790
4793
4784
4782
4808
4828
4819
4816
4832
4838
4840
4851
4853
4853
4857
4866
4884
4880
4855
4847
4854
4864
4860
4847
4846
4846
4836
4821
4817
4826
4831
4835
4840
4831
4821
4821
4825
4831
4836
4840
4843
4845
4873
4896
4895
4890
4896
4906
4895
4881
4893
4903
4893
4881
4878
4890
4897
4895
4896
4890
4884
4886
4886
4888
4889
4882
4880
4892
4908
4911
4902
4902
4898
4888
4894
4919
4927
4910
4895
4891
4890
4888
4885
4884
4886
4872
4857
4862
4867
4861
4854
4845
4844
4848
4854
4852
4855
4856
4844
4838
4848
4858
4850
4843
4847
4853
4847
4841
4850
4861
4859
4867
4876
4869
4871
4883
4886
4874
4862
4867
4883
4895
4898
4885
4882
4897
4906
4901
4910
4919
4907
4904
4915
4906
4897
4907
4917
4927
4935
4921
4903
4919
4939
4932
4923
4928
4918
4913
4931
4954
4959
4943
4932
4818
4952
4933
4927
4929
4929
4933
4939
4938
4928
4937
4953
4940
4931
4947
4951
4937
4934
4948
4946
4926
4934
4952
4950
4950
4949
4930
4916
4922
4927
4926
4932
4935
4937
4936
4914
4905
4917
4916
4903
4894
4902
4912
4921
4924
4923
4917
4901
4897
4902
4908
4917
4913
4903
4908
4915
4916
4903
4895
4898
4904
4913
4914
4909
4896
4895
4909
4913
4906
4906
4904
4902
4915
4924
4913
4905
4899
4893
4898
4901
4906
4917
4917
4916
4924
4917
4902
4906
4913
4916
4921
4921
4919
4922
4920
4918
4921
4923
4923
4924
4917
4908
4920
4940
4943
4935
4929
4942
4948
4926
4913
4927
4940
4933
4928
4942
4953
4947
4944
4952
4954
4952
4948
4941
4938
4943
4958
4962
4951
4954
4967
4967
4956
4952
4950
4952
4953
4954
4949
4963
4971
4967
4970
4978
4974
4967
4979
4983
4963
4940
4938
4948
4946
4951
4976
4971
4975
4986
4978
4973
4981
4977
4975
4974
4962
4969
4977
4958
4955
4961
4959
4963
4969
4955
4940
4952
4974
4985
4982
4964
4960
4976
4994
4999
4987
4984
4988
4985
4991
4993
4973
4964
4972
4973
4964
4962
4967
4970
4979
4987
4978
4962
4949
4948
4953
4957
4965
4973
4968
4972
4979
4982
4991
4994
4986
4982
4983
4990
4991
4978
4974
4977
4971
4982
4983
4972
4983
4995
4979
4968
4972
4974
4985
4988
4981
4983
4988
4992
4989
4977
4971
4981
4993
4978
4962
4974
4985
4982
4977
4979
4978
4969
4979
5002
5004
4993
4993
5004
5007
5002
4997
5002
5002
5004
5017
5014
5000
4994
4999
4997
4991
4999
5020
5021
5005
4999
5010
5010
5001
4997
4995
5003
5018
5019
5020
5025
5018
5016
5036
5031
5012
5018
5034
5039
5031
5023
5033
5047
5044
5037
5047
5064
5068
5069
5068
5061
5061
5072
5065
5075
5078
5066
5056
5061
5070
5067
5066
5072
5068
5055
5062
5067
5060
5063
5062
5047
5052
5057
5059
5066
5063
5051
5039
5031
5042
5050
5051
5059
5061
5046
5044
5057
5063
5056
5055
5057
5048
5045
5063
5062
5037
5035
5044
5046
5046
5043
5041
5038
5036
5037
5036
5029
5028
5038
5034
5025
5034
5043
5047
5047
5041
5038
5049
5055
5045
5052
5068
5066
5059
5055
5049
5034
5013
5000
4990
4970
4959
4953
4948
4955
4976
4985
4975
4955
4937
4930
4928
4932
4931
4918
4920
4943
4965
4966
4961
4975
4989
4987
4986
4996
5006
5018
5042
5071
5096
5107
5111
5124
5134
5139
5137
5129
5136
5126
5098
5079
5045
5008
4984
4954
4932
4926
4919
4924
4934
4929
4943
4985
5010
5012
5021
5048
5078
5087
5092
5114
5143
5155
5172
5192
5197
5199
5210
5228
5234
5217
5201
5198
5194
5192
5189
5167
5165
5169
5155
5151
5157
5154
5154
5140
5127
5146
5158
5153
5146
5150
5141
5127
5130
5145
5156
5150
5145
5153
5148
5141
5134
5127
5121
5098
5089
5107
