00000000000000000000000000000000
00000000000000000000000000000000
00000000000000000000000000000000
00000000000000000000000000000000
00000000000000000001110011100111
00000000000000011001011010011001
00000000000001100000010011000001
00000000000010111110101101011011
00000000000011111000001110000100
00000000000100000000110001001001
00000000000011111101001000110100
00000000000011111110011110011010
00000000000011111101011011000100
00000000000011111100001001000001
00000000000011110110000111010011
00000000000011011100000001101110
00000000000010101111001001011111
00000000000010000000110101011011
00000000000001011001100000000010
00000000000000110101100111010100
00000000000000011010001111100001
00000000000000010001111001111110
00000000000000010010110001100101
00000000000000000100011110110001
11111111111111101001000101001110
11111111111111011011011101011010
11111111111111101001001000101100
00000000000000000100110110010100
00000000000000011000110100111100
00000000000000001011111000101010
11111111111111100010100111101101
11111111111111000100010110110111
11111111111111001100111110001000
11111111111111101100101111000001
00000000000000000011100100001000
00000000000000001011001001000111
00000000000000010101001000111001
00000000000000101000110101111110
00000000000000110001011111100100
00000000000000100000000000001110
00000000000000001001001011010110
00000000000000000000110111100111
11111111111111110101000110011101
11111111111111010100010001110010
11111111111110110100101101010101
11111111111110101011010110110010
11111111111110011001011001101000
11111111111101011111000110000001
11111111111100011001011000100001
11111111111011111011010010001011
11111111111011111011001110110011
11111111111011101001110001001000
11111111111011001101010011101000
11111111111011010010111000010010
11111111111011111001101100000110
11111111111100011100101001111101
11111111111100111110100100010011
11111111111101101001101001111010
11111111111110000111011101010011
11111111111110010100101001001000
11111111111110110110010010110100
11111111111111110010000101100010
00000000000000101000010001101100
00000000000001011100100001010110
00000000000010100011101010000110
00000000000011100110100010100000
00000000000100010100000101111010
00000000000101000001111110101000
00000000000101111000110000000100
00000000000110100011101000111101
00000000000110110101100001000110
00000000000110111010001011000001
00000000000110111011001011101100
00000000000110101101011100010011
00000000000110000001001011101010
00000000000101000110010110010101
00000000000100011100110000101111
00000000000100000101110010011011
00000000000011101011011101101010
00000000000010111100010011110010
00000000000001110100101001000110
00000000000000011101110001100100
11111111111111000101000010001111
11111111111101101111000111111010
11111111111100011101000100000001
11111111111011010111110000011110
11111111111010101001101100000110
11111111111010001010000010100011
11111111111001110101001110111011
11111111111001110010111111011100
11111111111010000011100110101010
11111111111010010000011000110001
11111111111010010010100000011111
11111111111010010101101101100110
11111111111010100111110110110101
11111111111011001101011011010101
11111111111100000000011010001001
11111111111100110010111110110011
11111111111101100101100001010011
11111111111110011010010110111110
